0 0.703125 0.28828125 0.465625 0.20703125
4 0.221875 0.38046875 0.11796875 0.13125
6 0.6140625 0.35625 0.0859375 0.20703125
5 0.7328125 0.64765625 0.0328125 0.2375
5 0.80078125 0.65703125 0.03125 0.23125
5 0.9484375 0.55703125 0.02734375 0.140625
5 0.871875 0.5359375 0.025 0.15234375
5 0.809375 0.48671875 0.01484375 0.15703125
5 0.74296875 0.4203125 0.02109375 0.11171875
5 0.6890625 0.46171875 0.0203125 0.140625
5 0.66171875 0.4265625 0.01796875 0.12109375
5 0.96640625 0.78125 0.04765625 0.2359375
5 0.61953125 0.334375 0.0109375 0.096875
5 0.640625 0.38671875 0.01875 0.09375
5 0.603125 0.3046875 0.01015625 0.0859375
5 0.5765625 0.41171875 0.01796875 0.11015625
5 0.5640625 0.40234375 0.0171875 0.12109375