0 0.7015625 0.2859375 0.4703125 0.1859375
4 0.22265625 0.37578125 0.1203125 0.1390625
6 0.6125 0.35390625 0.09453125 0.1828125
5 0.67890625 0.51484375 0.02265625 0.171875
5 0.74296875 0.6375 0.021875 0.19140625
5 0.8640625 0.64609375 0.0296875 0.18984375
5 0.89609375 0.62578125 0.03203125 0.20078125
5 0.79296875 0.565625 0.025 0.1828125
5 0.75546875 0.5140625 0.02578125 0.1796875
5 0.69296875 0.39296875 0.01875 0.07734375
5 0.96875 0.45703125 0.0203125 0.0859375
5 0.93828125 0.39453125 0.009375 0.06796875
5 0.59375 0.29375 0.009375 0.0796875