0 0.7125 0.2921875 0.4890625 0.20703125
4 0.22421875 0.365625 0.11015625 0.1140625
6 0.60703125 0.34296875 0.08515625 0.18515625
5 0.896875 0.6640625 0.028125 0.2015625
5 0.8171875 0.5125 0.02109375 0.1453125
5 0.884375 0.56015625 0.03046875 0.1578125
5 0.734375 0.42265625 0.0265625 0.09921875
5 0.6859375 0.39375 0.02109375 0.11328125
5 0.67578125 0.49921875 0.02421875 0.15546875
5 0.64453125 0.503125 0.0203125 0.15546875
5 0.6140625 0.41875 0.0171875 0.125
5 0.57890625 0.3953125 0.0171875 0.13203125
5 0.62890625 0.36015625 0.0125 0.10625
5 0.6109375 0.3171875 0.01484375 0.0953125
5 0.58671875 0.28125 0.01484375 0.09921875